image_width: 600
image_height: 800
camera_name: narrow_stereo_left
camera_matrix:
  rows: 3
  cols: 3
  data: [752.9417507669185,    0.     ,  280.9758413275144,
            0.     , 758.3449893472987,  409.2375654443880,
            0.     ,    0.     ,    1.     ]
distortion_model: plumb_bob
distortion_coefficients:
  rows: 1
  cols: 5
  data: [0.042083953693072, -0.172365001067302, 0.0000000, 0.000000, 0.000000]
rectification_matrix:
  rows: 3
  cols: 3
  data: [1., 0., 0.,
         0., 1., 0.,
         0., 0., 1.]
# projection_matrix:
#   rows: 3
#   cols: 4
#   data: [1347.91016,    0.     ,  596.60819,    0.     ,
#             0.     , 1362.828  ,  347.83798,    0.     ,
#             0.     ,    0.     ,    1.     ,    0.     ]
# left